533291	593441	988773	524686	148445
412292	848242	885713	510988	211358
406444	469817	833983	531472	440257
901720	561514	979401	849836	378583
861699	930493	172731	702039	679706
392469	457328	784288	856182	709265
120746	237603	930936	137056	858035
973361	841289	350720	188181	575476
263204	862136	786243	730762	188724
495678	930012	185157	954368	916137
225150	971458	772641	621701	713065
477667	995110	826998	901053	280974
441832	185224	752889	936842	158558
156541	526558	967020	932324	552069
668323	140088	520165	117583	703162
779066	472648	586821	764194	798094
460067	459799	124989	284135	167480
288113	610143	702001	415009	393108
888942	148603	790163	283269	289931
485663	423657	378384	960589	632490
377039	627892	675390	787439	494921
859810	184563	395021	154769	824467
900010	150403	871948	661804	171024
798979	655220	258213	196707	533491
876659	622541	872416	665668	408041
715202	472494	366349	463699	962616
171440	364964	395492	551999	319539
661893	249430	563668	362900	152362
356000	122982	887718	134789	744141
793465	225197	689875	413173	515082
516356	384537	346297	690903	714967
812814	941063	737414	238549	740619
602127	579416	611207	399784	102607
157167	755237	480626	355058	515648
660045	825594	545772	546141	316648
985425	686221	953403	317761	981691
183694	651546	575125	416170	320680
552572	138281	957964	803088	679539
220695	315563	144527	328050	394349
548059	717938	885271	654863	458481
341800	804981	716431	908388	780178
820580	102447	519948	688525	331108
468053	515905	386846	203948	677993
466119	533432	488649	380931	928274
876939	378416	281213	311848	999839
587020	956230	839855	961962	843232
756622	590803	836760	499571	691377
938618	306455	107265	920068	847228
552889	274437	988097	617639	171085
722141	768828	769539	645806	137458
533692	674998	305039	416556	112666
421963	426048	946090	155558	755702
345851	147574	772596	809459	132593
930411	870452	225589	911381	567688
684686	286560	179736	555994	596130
501572	957250	330997	453670	248280
260158	406975	147859	536428	625579
840671	656154	598215	460979	855627
845402	189159	397490	938234	430483
574026	909765	847733	294842	470860
209863	799472	114358	585664	312540
354678	694255	770796	816378	823437
223253	639245	243510	354975	927305
284475	547947	591251	114019	525058
735160	438165	644916	508504	752278
757580	594874	565675	186040	725838
461828	873016	262645	587469	769444
976639	621060	871057	836744	921646
297319	973087	348366	756641	243918
161793	426489	816053	698304	959575
269217	867428	484701	587724	814488
845442	703610	788067	188765	867114
778600	760345	992937	487930	511173
424193	381481	671619	698830	896765
609961	900880	224469	793200	421828
510713	771365	918512	450488	105027
243715	893896	361742	801053	367640
568829	664458	543777	919445	439216
409059	660243	986477	698025	140685
760188	165146	222830	414202	756809
957514	589889	640252	921748	556164
614665	224069	269817	509797	845425
384496	446507	674779	368004	437347
987825	730927	232690	770121	613517
929424	326243	893344	958331	373968
206537	773082	544597	325192	758331
819152	207229	836673	245490	513175
533132	902605	722006	806698	717025
423652	153881	797490	200530	709038
195615	324198	709411	191016	190033
348539	503240	145162	537120	634982
688014	316431	563289	264217	793540
610053	956666	783227	923095	519306
489456	889638	180039	332851	436114
340802	227423	847674	886886	760882
412779	411326	756823	562469	286271
919453	123027	309018	325484	958870
307175	930929	793373	713906	894661
539646	770621	576065	851012	200988
845322	689580	777834	946962	798356
430960	536011	444031	200435	902830
954777	507847	190074	375635	775786
610259	487949	298569	138983	447864
207887	757919	266309	675249	137457
488336	146358	670911	477005	576085
253428	625472	378772	987867	106767
517550	909854	772644	300503	709145
718475	441147	284565	518994	383789
637030	674841	766995	763543	491714
975726	550355	244506	485438	480964
286610	587958	475894	526495	468276
717089	506388	356115	268476	192882
665246	382165	313041	475750	431638
392583	703226	353195	443652	348672
858079	349295	631976	159482	760090
893025	461328	619853	173910	946165
571186	284173	339009	250058	938710
414940	727989	702502	839214	585253
283737	340408	485438	927662	970821
741298	371410	758774	114732	447656
174365	102329	539405	662142	271579
848461	728517	920470	831775	849789
968497	309904	163608	459093	710395
327348	814318	868777	985797	811645
641498	840169	171063	363562	788230
514681	808688	640596	399490	838584
746734	350046	447094	929339	547264
731576	969416	449896	964327	198492
480807	984640	412851	416733	429840
496022	324064	554546	313778	305117
230364	511835	617949	120887	795044
155629	197295	610048	721180	121053
981749	338863	194163	431844	127251
110260	350148	640904	646981	737560
461972	944649	834568	287204	314159
357843	187570	839530	711828	398208
791252	588488	556570	582918	511417
879346	520781	184266	809295	522080
659912	487086	234619	771048	601022
696708	732075	110257	953733	303148
349402	246095	249851	953402	853531
204235	608215	903459	585563	626517
448319	941415	574942	914516	472678
971911	478424	927442	461300	203818
480752	506466	374010	411764	703818
800206	308693	176936	125095	316306
591443	593673	774928	147307	399041
457051	302789	732534	383291	693032
883912	405054	528337	891189	861172
161612	233515	973558	103324	361571
757174	554287	608793	419810	276151
995696	797059	714674	310308	917807
866429	747131	794427	302294	204390
782850	218438	911540	251252	131434
226836	401533	525506	465087	140326
466249	630735	577583	311325	378494
305693	450325	775267	681157	564900
505333	132790	415920	413817	925116
467497	452902	606882	879124	345268
643299	867857	525399	418418	497475
685459	868686	593338	443638	771300
481916	593491	327945	583603	257681
922082	808066	415724	137720	821391
503322	748092	570665	316579	305327
766793	409772	846816	109410	611594
135749	446814	231061	532169	909796
727975	886549	274722	511960	216430
491892	632364	997099	698417	906022
908668	789732	125839	348232	760418
241389	485664	730412	344112	391914
416352	144910	793122	254505	993142
851555	133098	918639	277941	128353
547596	470123	160833	487820	704782
481372	606499	146773	498800	658748
966917	333458	944598	499972	418103
567143	601487	383782	747706	172096
686684	808602	993429	643729	261505
385427	906949	967011	957631	805799
160268	694458	428783	160090	406428
116059	883167	419657	460210	843867
418717	890622	609445	743158	517776
357653	978268	944428	914091	489036
939147	760307	572560	427691	678986
426455	648391	964331	644680	352559
378830	740941	325094	635260	516283
901752	496254	698733	176459	352410
774066	290858	299105	749703	286835
218063	169469	858664	820673	246091
599167	704729	582186	653442	198710
312227	149847	498249	541891	910863
900874	659447	808381	747864	537503
801744	698721	692780	701962	311900
758441	148023	690578	644525	996058
471211	416348	405866	774451	861532
138604	626783	179218	459969	696464
753144	417619	548566	826734	822633
431592	583920	228140	507753	724799
919487	488735	674072	748424	120571
256221	872816	366933	317578	857927
170201	515198	663324	512985	567126
787318	123514	583943	666598	769214
192623	973824	223481	965683	462165
854487	661964	143160	630865	299985
662647	778975	638825	427199	540434
331645	896338	875383	310565	277516
190565	812707	222123	575824	227733
499458	877119	496615	910748	657601
983027	216626	938374	971390	332399
729354	823238	887833	385441	230507
350935	853479	624730	603234	701106
465501	412692	376247	975823	904156
519805	534345	815506	823242	670641
549527	807246	617126	880382	489477
448023	260057	727031	837115	471911
927559	521330	654383	978468	117932
578314	858439	688647	218710	113177
660084	659797	227353	834896	646528
669436	680475	693328	166540	422804
721436	570589	379037	738321	416559
266900	622635	168270	646672	933023
717943	972440	823662	488555	997414
745621	747440	966002	823444	280962
945805	322126	260863	838130	793882
155589	497148	113203	955935	938589
511324	677638	792622	356487	169041
921300	737036	491019	678209	699376
555312	845805	706042	677745	595796
632137	551275	309396	459702	377439
909044	852793	567023	142476	520674
303912	276496	482766	801577	341059
149825	678939	346695	147548	607073
317638	635423	582490	354283	139136
280413	692357	393843	766116	638389
127401	741213	355632	948595	452415
105113	434133	917978	692058	406595
918254	511332	389147	112477	142060
556733	557313	870154	233259	497266
775849	125601	240525	380648	237756
419920	316773	708089	812955	756625
862332	778553	624612	296901	408958
443118	423512	758960	492196	138457
607171	922195	259724	361125	884928
683992	494882	389206	611007	697642
479172	302597	248052	695796	803660
943029	108851	390606	397292	281464
847608	852919	205786	879968	348717
581455	668381	773551	717913	462498
473423	560533	442615	133972	997893
577232	821231	721157	993347	812334
818971	685298	421971	595528	602463
407012	124034	623469	602434	429382
595571	431394	754106	801272	749264
809826	713633	971947	672244	920217
651013	676596	801453	576754	681601
181384	658794	120670	206608	206926
264332	592928	183679	470981	362191
805990	818452	657191	168755	851871
241321	744251	540221	750089	388900
928474	716514	677719	676549	225815
363307	423158	465659	624251	250351
107256	896117	840717	354820	311089
287021	527150	104885	536265	807576
914383	914802	795957	492702	509208
888020	901236	539123	482853	205657
746847	415926	971902	220945	165883
751558	372155	864756	806364	712789
236313	284504	780282	452752	961709
955153	710269	372391	174163	248275
165359	278086	975827	685616	345937
719814	509957	903791	776122	626190
642887	718480	958200	927773	765263
251963	436289	929333	351486	988047
108302	880713	644726	314901	795053
286836	571589	590629	623151	205264
337324	705964	699771	749774	409387
676560	676605	712570	459199	753979
864649	190582	983986	902316	120979
842496	337970	970274	254012	105132
740236	596488	990087	299685	718289
800862	478816	186506	708516	588110
293491	451511	826676	501661	388972
810871	569123	479404	999769	600954
407348	607808	742791	748947	687051
424682	526081	705978	500451	289914
773285	882513	272153	135267	996372
616520	109363	925533	429640	419312
617229	143074	338155	580721	853376
939663	544946	135981	164435	584716
913958	484802	214434	283528	349191
119822	187428	261397	248811	384023
702224	652873	264291	240852	730236
903786	428215	831478	829578	827060
227275	320836	111996	489323	441661
226940	112505	670522	253558	605864
166168	476043	665476	614001	469794
689579	607711	709291	884707	422613
136672	591451	669417	770054	431916
179602	712374	937953	468600	456350
689839	870353	257317	261874	331462
609833	870380	325088	325164	938737
520831	446293	999312	520040	150154
951097	384340	276295	603474	694520
614018	709447	705193	625180	550770
545169	807833	379846	285154	911579
586843	481336	370273	598001	740827
441379	391685	290829	621845	481978
494125	709013	142078	894964	700785
572188	260744	741577	186498	316733
471991	898113	453009	543526	573200
216420	132453	162252	149868	559883
627479	799892	415279	798109	980791
499982	851778	829236	443907	499471
887312	867616	192495	243369	965037
387472	751037	689508	330084	528455
734389	850415	214081	498365	704116
284364	324133	336230	236842	740535
699112	437483	299822	247629	313576
994353	531995	980812	670851	425081
538799	449815	258693	165840	218345
385542	677494	194003	655827	676609
448046	917289	539520	354506	503597
610331	685645	815615	324225	590684
903232	386861	777070	164858	959376
816070	407206	880609	808335	131028
518360	724256	698606	281374	502870
138616	842504	589793	383030	246404
820933	146040	125776	585733	466393
760105	465636	423561	810208	454838
541165	897244	207819	276060	172143
885720	760956	127265	125259	539490
788348	153368	211830	987530	568127
732036	992306	886570	899618	210569
385116	910307	882491	451211	135559
847436	144217	919840	625373	839014
176828	280608	402561	451366	784336
284389	445151	361658	358936	167035
480996	686552	845657	114849	598108
198562	986915	974162	540083	156717
607150	304148	680898	866561	974784
904258	388815	662118	984452	892940
514444	937716	154662	689424	202561
946779	591403	947845	883789	744151
182514	197105	496594	867200	877190
190574	382617	283694	397408	662924
585934	823710	424229	220617	874777
417612	124520	441053	350614	357139
996862	493061	332605	856131	733616
936755	491138	486723	569482	251545
524117	726052	956179	353600	332851
354931	155663	403592	851528	754881
933030	341472	993975	292244	684960
513651	627626	383068	541322	370834
264546	624103	284221	226996	871419
766299	947837	626118	155796	582066
645637	387044	934983	535420	295218
274132	416392	516826	134455	909290
207670	579289	433020	672992	526980
202213	649950	471938	297687	151448
693931	305734	807099	306495	577085
896534	396514	530517	245357	875469
770382	953722	505172	919147	510094
795776	631167	154405	761076	937126
667452	486067	219511	368783	325138
264933	543521	659476	682094	367795
761469	627952	993972	368255	672399
706513	159268	283131	479634	843386
976979	785336	945293	941288	824513
679261	679400	820233	231967	444767
224502	710103	757075	189280	810841
260245	803518	233777	224795	968996
287694	771913	230023	970592	275306
995062	960066	341707	477474	397099
215367	473292	835874	982176	746067
908385	712697	385423	879872	800631
561861	894326	378412	819501	435307
720737	925823	945865	905356	917102
302743	660668	883249	229831	624282
145411	892142	682963	473882	367382
589525	905912	523081	327253	562342
563117	855642	254289	940921	328990
235362	224799	144635	341852	924068
899880	751232	699702	654391	223339
353315	900385	585473	728230	234179
843562	894937	598538	299928	577802
416915	545188	692587	667655	800455
990981	629496	375062	887521	129929
931139	391509	434815	518621	912851
253339	596181	859511	667872	741072
758831	913386	401864	464107	898615
124808	982396	783300	937369	490871
173834	926633	838295	275145	632244
309811	832837	916215	577817	971597
475305	783545	217884	491990	691045
846605	271431	170662	235355	186678
571120	885771	402918	749014	819925
133268	840687	821131	660617	629469
224764	363052	150179	579832	723632
179581	602901	496384	807529	594864
649164	984588	642971	536229	931494
294140	346382	527259	102972	824886
737847	490950	839707	242649	280985
985263	798383	390634	299521	174252
688076	927321	654837	786654	603698
174153	777631	666681	960570	376161
109890	488681	919476	924419	291219
715782	979701	162415	779166	298720
128189	770528	641298	198501	918681
896229	284498	911336	121633	484211
992647	773197	322619	619239	807011
183711	385133	396716	815472	266097
739428	636616	534670	947645	476538
321013	643238	360864	941080	688397
669256	768734	208601	130969	353818
475879	779044	241178	979600	619198
768689	757101	541412	664448	596696
246619	743509	953533	453549	284875
627566	424614	703984	204380	875378
219603	850425	593324	125310	202834
211653	628385	298993	446278	838309
941059	347459	599098	823626	262595
845133	535145	641374	836135	286872
611672	124785	770805	257753	187745
108219	202746	767986	421583	592992
194801	727997	189009	907122	997551
898374	282654	370864	795777	830787
229004	209436	525540	797606	328658
591460	153153	330925	177811	864324
383085	583555	772831	289750	960584
556523	679564	272660	248697	343034
209763	103695	962015	795511	248391
423541	724325	263942	940399	112403
756012	409062	689181	508670	290030
678238	837701	930681	853299	718093
932735	194898	371474	869753	568679
256711	433640	153414	212984	983085
305395	207403	775765	447316	298073
637642	646275	929543	186192	614012
433814	565203	190749	863608	382711
184585	901995	332945	479992	381833
488804	230160	320135	745715	141128
337248	701706	360564	297518	213193
534104	574958	112769	571541	287968
242312	931815	154537	858825	311384
550545	467414	635123	608535	867868
500686	500802	346617	872960	107352
164106	218926	386581	573262	990370
894743	274442	327125	109160	650172
581043	236411	729063	772801	607427
171971	444910	386067	763379	953947
857034	510814	339701	265268	621955
314987	173762	467825	630279	826840
319383	959546	249642	389392	432313
414611	354985	919506	221403	138122
852713	570132	396162	432226	611038
761096	561606	217306	283438	737677
187030	825246	990346	361511	163680
824840	526288	759270	774911	806303
850393	650797	411660	815926	593925
535295	494941	156167	243409	184979
243938	380398	423107	743298	880856
709455	475793	861342	259797	700267
779835	131233	655080	762242	947178
618790	212804	283728	451027	989739
754612	963762	405530	272690	469144
774787	922340	108705	435609	425053
713136	607301	524187	254405	689510
188941	495029	204616	839037	271295
849960	250230	356214	302376	304548
196933	789506	128043	501392	566690
989433	914501	421668	897775	873654
962595	104971	430723	845365	712805
390663	219231	892524	379657	823779
632870	822814	650647	484711	804836
146080	939144	897519	241053	888211
929676	509817	690617	930445	507467
886000	774848	259019	139557	745871
766383	702202	701487	796190	755983
256747	260978	457836	676642	590448
220397	725654	247051	651463	938831
675527	191942	659543	309755	121100
445459	564754	269031	266805	250813
762936	993571	528908	377552	753040
885964	346334	765680	924241	674784
645137	403536	352715	740532	660197
271309	363658	307392	577728	357016
308015	511522	100656	636108	923925
811374	469914	439994	222908	223621
900045	202881	143449	486147	108653
731472	599753	512758	211865	368059
157563	290079	612620	436878	313160
716087	803875	354635	607964	580930
890062	492056	722340	386970	533992
986307	643569	896451	759614	146305
665711	645362	868059	381978	379745
585186	957382	300814	688168	316117
455857	794959	843467	572262	825119
611759	229929	989730	294698	780883
390688	759442	151777	314755	401645
194648	454027	353551	513762	887402
672393	638194	892818	946585	329145
429887	376226	659097	137420	458271
106783	920890	465332	621789	318578
636168	130245	754886	738061	298939
485113	400658	845602	984365	169568
676173	601885	573968	522388	613591
308205	133708	920890	592675	593574
437482	661407	115429	800512	187533
844367	590165	481616	300921	617940
714897	370078	576831	968179	209606
737797	881311	742978	951751	577152
436302	328208	519703	699725	390061
782586	815348	627614	593852	428050
811617	331088	242875	740355	513496
627270	170702	806497	228383	918131
403104	317854	606978	369074	782223
531092	275506	270212	526971	397330
452244	569446	776612	909950	697748
395572	222762	457269	970951	665219
106584	362687	487920	323121	663690
886544	615328	464370	749571	380893
893907	882726	446434	682254	430192
718705	415651	168420	274592	661531
250345	350388	361136	595581	910331
251810	950742	899650	207974	593827
356838	631758	218309	681921	777357
502987	845070	235773	820626	697399
178450	306967	339379	961487	563033
692661	867748	688219	449976	319289
128667	677258	768035	168191	415024
410571	271623	397855	260980	844338
336825	846046	108572	196000	484279
920774	516734	497687	291161	648956
446790	528957	811452	280662	829967
781253	336265	687276	600646	318598
985711	308834	274435	893759	300624
259520	672841	634040	510295	901052
380583	549069	871974	379095	190154
216501	642691	735349	685802	303034
102754	413108	502974	644169	200079
513331	657150	157400	336790	978186
395550	860935	939582	745629	254085
913376	820149	216611	183219	402373
357442	823248	648627	609328	776345
349889	913017	163943	477028	760142
667695	214265	891404	924781	654587
903357	465441	131060	451786	494936
501798	880151	535286	295481	684271
798951	172611	687460	158469	362735
696367	357061	403002	503271	503717
534537	630316	620648	853681	891607
479534	553884	169074	354947	126753
233671	766254	989965	566300	584355
349062	216238	128156	402340	978690
353885	785471	343983	145610	978852
789739	532361	136770	668223	240481
739586	618969	249725	446554	456982
473932	546548	684699	567034	371392
670231	533432	795602	998217	250633
118363	185617	221050	602647	676082
859192	737095	943197	391938	245626
916900	978819	429716	272838	186595
712289	279366	142568	712288	815779
547298	365096	418791	500608	784515
398640	836811	572571	344262	510270
520995	503493	287209	869412	947942
334566	439546	475691	159870	422530
130050	463249	513579	373444	326871
814688	433475	439014	727412	739497
546213	290219	846744	196762	879782
248012	693932	287049	992953	566670
123963	440210	141349	983580	868017
694042	934440	762775	103946	861728
976208	540888	182380	445968	647865
339201	437883	525016	761876	249529
363824	244978	161246	952929	216131
472513	414367	823714	559032	406423
651669	282822	174934	379257	141044
444251	891210	843406	912451	897444
487566	441922	262227	608712	678297
116722	503510	781808	805713	491637
957214	324126	961896	920048	561341
371423	373196	605049	901064	449780
211659	101818	252085	146685	512856
137117	349612	687922	221365	676968
733518	440057	713512	425945	619883
416485	298039	629326	470249	346487
133303	540225	105676	639040	203250
647381	253393	274180	289096	403019
915714	829997	197276	946377	992611
699848	654025	439300	178113	893326
192571	383747	479494	374722	175104
810100	279805	223382	798850	417516
253299	443260	734679	717735	365975
475504	108944	813392	458292	538652
704457	796690	115331	178005	694462
107288	336897	533834	587730	866876
811142	638292	500654	664045	449269
896446	786166	347054	807257	233745
333698	883116	462340	244668	922047
563125	105102	667943	374237	205426
160220	112406	536511	300242	984953
416696	217797	910471	719670	920150
436990	156766	712125	573265	168914
913149	708166	493049	267259	934973
151150	636694	631915	854061	607102
236865	906026	363212	407159	801562
865533	211349	101107	778414	727774
318120	184425	344740	238523	898139
210291	342660	866893	939213	290622
248649	184000	733430	899006	878231
663138	641411	350595	927477	425310
206874	517120	333227	355909	449378
272251	539470	356765	311819	705762
870139	567732	906929	820496	634060
131131	798312	626868	704627	307198
126885	428722	915595	521962	775393
306309	928545	971696	675040	147351
176717	263701	729233	657483	810928
757128	983599	738568	669297	904948
364212	182551	214191	779268	418054
570460	206318	461347	684877	841817
107089	693471	599316	470052	338724
565600	113788	752666	883100	600461
377349	158979	623225	709979	777377
705762	591439	715246	694054	340037
874916	896233	560276	627825	936384
283239	318773	929366	584347	758163
718508	276431	936177	545510	270155
115265	126334	774877	450683	393733
668395	643376	404718	145597	627956
886227	700256	576256	217273	762729
217506	973583	221299	472387	723470
192987	342554	366707	505675	152406
532630	585957	104145	665404	417758
376812	520000	690805	627064	206316
225766	111338	496729	634819	211311
359647	227426	925715	946749	590153
779364	228435	657482	961782	911107
230683	761166	105094	679884	915123
358715	955015	737197	310756	962273
417404	511321	588313	384118	962592
675406	428259	903037	635522	808960
765713	513050	707576	975248	864517
189092	405857	357519	827560	659062
574198	222722	297273	665114	963259
692070	547295	121066	719830	367654
822645	972387	663383	196127	997531
313740	434798	567906	278154	344130
466410	762186	692860	258532	597357
223294	205650	730085	602888	330257
926112	449409	878941	399208	128051
922027	749438	948839	171092	514551
796362	403047	272674	670600	571265
346517	134417	266532	107258	277382
134469	763668	631769	858621	965476
159269	601821	348018	528991	495635
132890	775203	281474	302526	928421
654757	355739	574374	705011	609371
691033	736669	491092	181874	639137
879027	988792	891250	894625	135057
288155	379121	521074	482723	556915
939435	663443	236654	439996	999154
930447	518503	331769	375374	488067
850602	879510	644500	678292	475285
145642	244488	482626	786049	942627
871991	622501	411593	100237	799198
270668	668544	942885	836706	368250
349078	416836	628919	229577	854154
945466	663575	576082	469586	743462
170767	608652	990664	160929	858316
327752	781918	159857	453091	227096
355704	802215	738925	911671	268737
681187	878486	697572	999241	679364
113233	466857	255068	318732	792279
266521	410604	626825	980831	770368
529115	812641	814819	836631	381609
983131	121129	968912	492541	781180
266962	379577	338037	765216	569000
821161	798112	326715	497183	820903
279666	563137	799453	336921	506157
399777	444728	684081	532588	125690
676173	140749	694650	123545	155873
187794	413852	812605	431976	706209
734506	274801	516681	624501	657074
205795	941186	946033	299110	771052
575076	480814	898623	294223	701346
914360	858534	492938	802813	601454
357776	602178	132662	233065	141687
789995	747263	368395	692701	429207
500962	951303	312560	790175	309913
920249	828172	618586	158130	517713
181712	745509	635459	327011	447367
463940	396789	345978	445319	462660
388246	688600	764933	577685	656767
846611	691653	435260	464512	267798
629261	455282	805347	335195	874300
382251	705789	877152	818837	506113
559347	594398	955113	718086	330483
587982	999988	551072	963239	589959
693209	284791	592006	499066	679380
397145	848161	864167	788756	534006
508592	231401	498689	405341	783839
285717	495769	364056	124575	558110
376717	748283	829840	885164	537000
843250	745039	155419	147517	501152
322918	516421	866739	306153	874692
545565	246955	426182	284314	514773
795396	232347	301315	906705	980279
539422	287695	574944	921445	572589
652009	578578	428519	563958	745738
731961	401559	374951	100595	510329
978705	667635	102213	463101	212852
981179	195909	331742	503208	361199
519904	293674	413011	776507	177805
530985	595646	201781	526004	802491
876752	641704	609637	336433	743759
215247	625501	429219	870345	266274
312676	721179	882192	468168	106298
663135	888421	685838	286978	454941
936984	303201	916858	929771	790768
765785	687232	498370	514161	991813
876936	438071	325994	416405	791981
706480	517186	238472	471550	400182
190754	518941	230523	792870	518519
696034	176731	957885	808822	498596
860191	955171	337313	228073	438675
658907	462004	185984	309815	653862
393847	613666	524504	879971	133980
858859	810375	102345	198025	118238
782394	182047	892238	257024	821299
718512	998109	475901	382111	560165
881417	122119	953141	133116	235478
931723	447611	583231	883195	934560
471482	245609	124895	948299	290936
117705	992312	734717	195372	476337
714836	844835	827035	959274	540832
767040	897355	508720	672965	854809
541868	974668	596877	712780	111406
518808	403846	784753	434540	836631
645571	257674	216791	323867	586365
932902	983749	857167	648434	363071
971357	583158	400246	760014	979635
594973	246564	435773	925752	991309
374706	674747	531008	917655	491713
969733	464842	872484	964828	217363
962340	493366	609683	327336	947412
891149	678174	168495	238681	714833
320133	637004	348537	995205	864253
523160	611353	419302	710280	812518
272645	363332	217450	333701	197111
624293	514553	726450	129626	398415
404033	488698	581880	228286	709008
644195	178426	380108	872439	537161
781440	356553	368382	232030	971627
392728	433266	648116	969580	172073
152247	397710	311844	278009	761520
999131	310589	915099	135111	416933
176930	249102	157575	452119	254070
304188	224055	894959	309087	533702
807280	606710	618534	289491	964441
317517	263100	718194	478655	887223
254371	329356	456872	265709	166535
704672	709643	317741	225869	615301
801497	483024	584782	201894	549467
136240	188503	615368	397824	549992
289556	364780	779389	674466	434823
690962	191151	183729	895256	686263
335149	684538	198380	951601	909193
371578	625627	529484	555883	163122
147312	486980	335399	544194	667154
348778	466303	248549	280172	967446
601591	806244	719767	167181	388984
902896	184187	474803	919326	747518
514157	216532	383700	650228	779634
486285	623216	910979	344821	692289
279647	990792	379569	433291	183863
312680	593396	727599	437324	298582
356997	272967	770596	475574	918554
331199	473582	762557	958414	909774
598071	653656	905090	581017	866422
842779	818034	921633	767311	450844
421588	801667	179182	899452	706948
422265	401840	509940	504078	861717
236793	836910	531591	288942	168595
983305	999409	482234	192421	213375
648408	572350	982161	463992	378333
104525	130452	260461	910917	700484
667413	862867	721540	752590	803870
403505	806200	558440	678891	438190
196673	273829	170438	312946	787557
713818	591575	943163	459578	358887
212510	659744	613893	718861	841541
227771	196431	114494	799567	196859
445937	106446	354603	880109	811217
688103	802915	285752	950626	829337
986077	398598	375721	370472	246787
577216	415010	228188	721548	372765
432284	434540	753168	713326	232277
919510	274009	421880	333856	697122
503967	544076	188730	814089	698718
234821	692644	266138	788098	899525
737352	384430	926016	295628	625166
953322	219991	162968	986194	916254
769673	329916	326136	616356	589960
937500	653271	123867	875929	740098
980406	816957	684944	374187	624839
417380	599487	183031	888713	928201
242147	199228	180606	855533	173238
405973	311765	554458	866892	636629
900262	438762	801706	507512	594328
603785	847797	589235	347640	794796
636709	443335	932077	150066	850211
892566	589913	411725	204142	321350
187554	618832	966659	409355	810273
363518	826411	427537	755032	245857
922797	155601	334129	826761	744263
203138	539744	842192	355953	201852
919035	184283	421987	306249	460456
728365	652060	361294	763431	869655
655093	225963	527197	319680	398984
688337	937666	808759	361540	330604
152403	373651	394684	789684	158099
610005	614196	295376	416221	854940
368343	588733	913873	282626	959535
267168	863499	929090	859842	450699
893216	809008	718106	790701	256834
707388	693196	878074	871222	207881
468216	778701	298564	147077	725719
938324	649034	528359	162675	824698
336118	976980	119447	516992	585962
714134	459834	760160	673237	979800
436953	938965	270791	229861	851687
700510	320683	630358	273881	998718
744132	716134	989847	374987	806161
209104	857128	652636	344567	980293
691410	709701	737325	585417	229465
790352	963947	823675	110615	716764
901449	415587	728327	863755	181037
896066	399905	200419	276135	720214
602191	580926	239591	715331	580606
689282	397232	179678	430201	250429
742705	794131	880249	800215	727184
377415	718260	732066	880824	174358
251675	490230	258687	783061	329241
407274	636087	417803	168016	192255
704288	567804	604170	300106	320364
515896	524119	181925	462481	675568
897127	248443	637413	550629	683317
807377	899483	609697	283242	167694
964255	298655	673154	393017	295403
630619	817885	215405	693162	403840
426746	382220	815257	595779	839860
785783	912335	192794	440439	339683
469396	102107	718550	231181	550744
134624	770226	737002	814167	324709
284197	570072	739407	623580	877786
566397	615313	844864	657270	229664
405839	442331	327678	419255	611928
345549	729085	264338	764743	771651
300420	417619	166878	127228	172731
209334	473945	579445	609333	211753
745353	725185	976663	659618	667644
634596	185386	737042	569141	421262
591586	669990	583727	436440	721586
127174	825173	634421	509344	326359
281749	738077	274480	915533	872924
852045	218179	208072	453221	699072
190767	948921	737059	729940	162752
520804	401701	316946	373461	740095
434188	791274	154062	801512	797789
150338	701920	464483	347643	168882
871656	896747	864610	127432	440848
543508	482227	266201	770856	809306
951185	838122	159908	152832	450525
200866	644813	254162	821399	158259
140288	603303	765402	906142	718053
276236	137421	812308	284640	384805
109287	643318	873578	961036	967118
145665	652125	596878	226434	688971
966120	530610	904103	677104	855746
141846	571090	383403	885012	620420
504007	314489	193653	553264	594445
248350	391118	446409	106583	941706
555089	781234	718150	250706	976280
598396	509688	300904	915813	107667
950485	596377	756335	365512	822339
114970	683765	459827	529079	752597
601815	210195	267389	797666	300685
505104	121438	617978	896549	291643
902562	857584	818081	397427	617245
708598	323871	817331	141361	645725
352111	634777	387720	563398	348397
819736	606694	379910	593285	880379
916162	707344	995251	381637	723055
115088	621033	357662	351940	546525
260856	644061	516662	542728	707560
311840	844996	191246	702734	869386
469965	866758	472548	397948	744723
157519	807010	572172	942269	682648
155984	774679	311564	675519	229301
107151	856495	277012	637812	943091
102862	848933	888737	862303	222941
943660	292061	651011	985538	715231
535035	663194	805138	479742	193480
963615	498811	699201	296584	884038
579713	596503	749573	980812	213193
791201	331690	219229	985931	823150
855160	827654	141344	234508	838445
609319	151558	474147	722755	547606
141509	131356	193366	135550	456841
530873	984940	380073	224262	988981
709538	418084	428625	572590	290984
735530	631396	842736	694211	334384
798792	909500	925336	288445	594230
833906	457163	728962	286872	637797
419814	505840	814130	927718	507254
710749	187696	280765	549487	695676
887197	867249	761521	726070	294864
910325	604758	702830	832470	483532
447987	676068	879974	332346	565738
301029	941700	575993	104936	985181
295455	698278	128126	177653	941859
892548	700481	884950	441592	378199
268533	870742	244671	935023	131147
755640	526269	859485	983629	416110
771271	512328	790431	842577	902131
800014	838501	220429	463434	389217
254046	280156	975319	531551	967860
546451	978337	833269	369235	451919
752228	571494	565461	299962	138465
455498	146217	933502	108564	210402
260974	542174	554036	960565	625855
947437	326789	359981	804487	890410
589295	865009	476703	500233	715425
635820	285374	483976	555935	770919
629985	798503	295515	394061	228536
684466	151397	682405	971837	820418
673470	623332	494545	507306	153159
600614	575703	833131	301189	353530
794712	217929	257229	977800	359718
996419	134603	797489	366235	244681
362274	454424	550688	860077	533880
712077	872370	178538	878337	302519
919223	940454	793067	577488	202603
452548	379908	620077	252593	771479
115391	571384	870889	778139	779091
226213	732233	664452	258303	586917
317036	362496	654623	306430	335199
828214	334284	589921	883469	498396
297209	951442	381184	960699	327725
166363	975132	112580	104152	191310
907736	972177	711461	185480	165808
853051	905499	159037	748539	791454
926496	834649	301213	637406	364035
112357	385683	492065	479212	216566
497762	868474	797089	843508	873896
230739	611282	314822	504710	710750
139389	558486	648505	829625	126846
413111	707233	265778	449514	427763
429590	869427	594069	911762	881720
556459	332935	382257	311351	997893
589905	281342	553168	540533	159785
457217	461342	113522	651224	290066
363728	532183	849466	710782	536443
998021	290632	694610	423073	249222
886783	973060	356637	258723	745260
801335	712345	742891	338884	536050
476268	793342	514998	808782	149223
210976	951299	121031	414998	419293
712175	455073	879589	283290	558367
765299	441799	870834	657077	768587
489504	168170	285731	818162	889711
401368	142528	263255	821754	119934
587400	458793	357932	397035	481398
202417	435155	653875	386793	828494
654677	749791	924776	575904	109320
419377	893905	336923	543559	952962
756338	914120	186162	404359	606804
184836	847035	687754	948123	691801
209594	775017	785848	896041	659037
503853	394102	763921	936826	116648
615344	476178	791626	334269	448679
125111	665519	201608	649382	891983
396380	462699	178347	941340	686706
881116	794685	134121	682206	791457
487352	784501	844928	456043	563463
349859	789661	220888	141599	192564
317209	122188	819623	842743	178808
355204	368280	211516	966073	793850
975669	775030	465707	848529	389077
114594	465974	189950	861752	221232
756149	569390	306108	493715	613881
202145	826179	595693	741089	448639
124849	582105	181418	336574	792550
970448	679441	456368	139736	674619
329446	337448	785526	153425	676548
944533	322504	449543	132238	815967
533169	827735	904649	177314	668383
253971	986944	652527	274200	616673
113046	712228	469492	411395	929584
244181	109299	994973	677539	814477
506625	323296	838037	199632	445829
382220	449789	322658	952336	149176
625543	271444	487163	794722	998425
823502	665546	214770	643061	630992
498342	784036	362133	398342	847369
355349	578821	470332	147570	431147
254286	565593	122185	438494	274265
611698	121978	487982	755797	933161
662881	463622	996780	561034	904660
620767	836755	352575	823503	940490
707099	943106	805762	224475	166994
981559	549591	887676	455428	637320
667272	200331	228428	178566	175985
462088	430259	754051	188426	429409
810897	405094	299016	153027	691357
885692	994038	853094	538593	304599
594507	537210	126125	800111	790659
239354	940006	114808	182738	797251
312779	715646	925852	616350	752539
864882	905044	279676	426382	832974
747401	703188	367055	766230	874970
260903	396666	951334	748015	521345
653362	846908	676981	335405	718918
784134	357005	897655	796848	437510
159118	790723	166506	237087	142861
590114	702230	679266	871804	543977
265896	852409	482410	394458	840994
742925	326989	947165	382117	182039
892826	356068	743939	934970	981446
316380	429991	235189	898503	346751
205063	632881	201061	369365	466311
265759	465050	500399	525543	270443
927251	333287	938026	276468	393450
854491	993683	658156	927148	906521
851260	824088	957396	316236	517434
558763	519944	724442	800799	442716
229690	567253	633606	399016	116337
876678	661780	397728	103370	785371
754680	975331	885652	122726	805667
773105	118421	380438	279965	368390
294959	175998	281221	218967	213674
499922	367933	392363	665574	843361
965970	182842	420976	676443	724334
793614	268020	897172	328911	181673
244162	900586	852241	784022	929128
840555	877538	337389	624503	119078
840034	750391	736601	824004	457687
659411	707021	614014	861093	254433
864850	183150	504352	769572	642409
143289	562183	424237	550958	447143
923694	856579	512085	800358	963391
146058	149953	692542	931082	794079
314039	790708	152019	212204	323240
667230	173554	780175	643270	674745
881151	797176	627816	447546	427835
238949	477213	388919	890148	364067
629166	962788	869645	706598	912053
290498	554172	665364	911170	478797
248517	166682	518761	222627	574888
724068	917557	844230	636546	524308
547377	371159	474345	556085	465688
437395	967286	988231	932894	489430
959771	621345	261464	233478	699994
713294	776187	730990	617897	966131
914447	268949	905049	427864	869806
265213	824034	330220	145505	393038
882774	303637	369687	361321	271228
338301	396214	493422	875437	358927
258634	520058	470954	584882	161319
428651	840534	983662	907559	875365
929713	565425	557713	952550	303069
697895	758060	680013	550749	957252
993357	707518	953899	780995	834064
735747	508466	314499	606932	631669
250429	139172	433117	303119	809964
807754	998712	765211	204188	656755
776105	399115	182702	220175	770145
748330	970424	660743	216696	256404
316519	154060	278861	186505	993838
928046	131911	432056	744698	841880
406566	674214	835365	281358	918978
116773	361698	962148	310998	814586
796185	586492	625121	483344	238735
783634	696654	841943	535129	878202
400058	738214	581230	764263	646270
252803	461876	744127	639480	797244
949195	728537	263160	626678	661723
138572	820934	724904	354028	521954
785961	168736	494537	807844	332860
980110	535603	210394	994269	938980
295973	683444	596418	195913	241269
934388	407359	405458	520852	886811
936254	841383	150961	312242	978311
794163	546193	120441	619296	960358
725425	538074	547903	333127	131676
556941	865134	431666	995371	659466
653692	112493	644859	859839	461953
947197	601138	562480	482396	315330
882860	352175	354226	289208	543770
813182	571688	161985	744494	319070
679918	851500	957438	370536	155635
699402	886208	769904	639436	827321
978978	957497	644840	840081	626261
947356	957479	293578	343181	854444
962648	141662	833255	405740	638801
293179	370893	762947	493368	596456
676145	932493	660209	838965	163654
991534	309210	360963	127585	607128
337185	283539	457335	588105	409829
561749	367630	861942	848799	107352
461298	358256	409497	753253	911721
990325	510126	433640	844874	981928
865514	952228	152765	533106	545485
696650	177398	459100	749549	450900
469438	938839	227954	635881	804224
119059	909902	437948	252094	714253
407925	698918	735019	781883	831660
303577	332900	137303	955547	428904
952931	790714	966658	688986	862770
559396	561403	184216	461700	629239
387962	693081	746565	560838	610323
434445	235413	780503	317955	918806
390814	276318	413976	609778	494182
573854	214395	113257	827082	924153
239875	232328	925046	654270	258237
408750	975505	734568	144962	785401
578679	413092	554054	226446	670324
906804	436469	505568	134145	477885
799829	489054	604512	971605	630068
562790	850953	758236	467554	323315
315723	748925	405927	280722	323226
932227	122881	785355	376446	802759
413369	316401	326559	497001	333477
253898	222044	301070	286175	436860
752565	783187	427053	860624	366124
730187	885250	955793	543736	299411
557523	289786	522967	432631	707050
321502	653279	437283	310152	261664
906758	190622	877796	948687	650689
590102	953471	931573	924164	773113
753043	382102	914902	540844	777211
261837	437422	436629	777848	419792
752190	688965	482274	484281	478394
252133	781226	818340	846213	981588
112370	368797	786639	956885	705571
963679	115985	669101	849149	757237
747996	325404	837675	840421	799561
983059	618824	521029	371298	616506
146807	795941	565185	285897	797028
722462	140698	522024	690504	609251
408092	381341	950987	666413	929637
883750	725122	313368	767765	560595
558763	325813	998096	811074	718924
846923	787738	545623	551506	834356
130237	817911	131493	231864	483593
822747	882897	629195	651638	336232
480534	943075	157225	515638	415993
587009	932753	189564	327810	390728
336478	129451	292553	654582	604443
408417	112987	701918	307214	373143
715917	739725	902808	207154	692034
738691	783230	343973	315523	291948
809883	663356	807868	644784	436155
108667	122986	925721	607183	949194
314795	926656	648694	905911	793014
239561	756254	367516	461954	939730
914424	309088	587990	448726	290944
287385	932029	390501	658186	694839
908931	480929	870169	359156	822873
918891	867657	296400	791334	373881
538118	507791	144249	644105	196570
603689	522667	495328	600735	351424
189424	167926	182875	982095	639232
648035	397642	571116	787108	799869
971753	804683	635208	329641	792558
841861	132313	676904	517023	277338
526401	667216	616241	990346	258230
359159	705322	873772	445157	598887
453991	495381	675845	731050	115738
732528	373938	491290	687880	648069
488883	637108	153211	879457	262549
527421	432668	185779	173860	887636
736938	646853	124540	301210	566905
218458	752125	681990	984937	113072
331231	865035	375330	171598	266706
585543	251090	697043	284491	842577
220728	323800	916921	680874	522778
379980	980365	360784	512792	112129
217677	442708	640202	523670	189043
237560	651414	991221	554035	870982
981427	901256	898205	127188	437560
309279	135512	680653	588766	588677
955270	667739	780252	556728	639591
507251	327297	955773	462826	571918
818403	879067	813793	537972	614754
190486	214032	831583	990374	224202
278400	616165	256338	524635	998383
623149	749356	416044	676614	876849
975468	985603	214224	169419	865316
911700	423723	132466	467502	685217
275464	246470	407752	370174	323717
843037	268678	398088	175333	727083
360414	674345	335058	170515	388036
206836	778767	649685	365937	720076
539713	876457	410625	981875	885913
420193	294111	879103	831036	514429
517647	607432	148118	436154	769006
889855	521162	103460	705398	408359
869676	234319	587056	341986	299822
278581	843613	744559	610991	792593
876679	481434	891024	122940	134476
524789	388353	768168	394167	538620
188850	142780	497069	930612	232262
209052	234419	288276	160548	453151
716300	366159	846126	690215	352385
624521	778570	992516	253395	482521
758184	378139	119273	447218	478931
527675	768096	714510	305756	247299
576061	724800	483020	588897	371132
918084	480861	398911	917446	683783
883303	277001	158341	211988	160374
255770	961882	769374	950500	244980
833540	708653	911091	400057	822794
154500	845771	688838	434758	713183
708915	109471	102810	691633	456177
774172	370783	199602	601081	122124
596178	218084	878440	191189	427542
856157	459250	543691	285119	896344
354188	798591	926086	255719	577577
130435	176394	595446	911772	234092
750172	876085	762819	157540	488433
804398	757282	792238	515355	245296
156013	511078	322203	874163	647796
338566	841198	794244	372676	785412
383846	483050	962788	849988	128866
710769	392181	304658	920710	678543
514395	688096	490550	203207	459437
212098	902510	371161	283853	784553
842470	353696	962230	159881	171056
746670	839020	194802	771752	657213
587138	648029	562823	658857	304725
886400	906221	895872	660780	329083
434757	739228	770441	113078	479039
932202	606647	834570	395478	343230
273356	587408	625519	105411	639303
947809	375077	662436	788193	917561
968902	136158	346327	138292	665084
530465	450157	463868	178963	362860
283565	896626	986098	547183	467958
440320	109662	673125	982445	710583
615470	509872	517154	760190	525267
137083	237030	311018	838387	812507
613924	528242	236564	373096	440397
529140	180940	574741	382984	239178
253795	370310	488290	505206	777990
499540	332025	972579	644385	388424
520701	198170	323937	192815	827073
545026	546669	427753	175486	380958
662343	764062	278301	275138	221660
125217	639643	917159	245719	481327
184744	180109	364012	962274	416202
632815	289569	647185	778185	563406
645169	500688	192385	930309	724855
768170	471363	746068	735277	446378
520965	671864	610202	669993	310964
560706	956418	928777	210018	355182
918750	640013	715272	339192	190988
304712	657556	383664	478446	284603
117880	478530	489487	823306	385663
344561	183618	398281	540569	165262
224391	767597	719855	912495	811355
744472	607930	606569	113862	740863
157068	695268	503186	844835	502126
535455	599880	537774	772773	742894
101411	996666	251687	592336	409912
870178	952993	123868	708913	502524
902867	887960	457649	394568	844479
991322	370428	420111	757061	490186
348574	630722	831291	445386	707965
546502	125204	724624	662667	437129
989203	763548	691052	996562	343328
135143	294965	931750	511238	758020
185379	519936	320523	906506	148693
742286	530856	996105	420815	548412
950547	744538	688190	607234	441771
549026	437536	575082	820824	699707
381914	743130	864560	540619	417150
841022	528762	348144	818991	183816
885813	181044	466862	347184	605928
186986	853964	497483	526335	406586
386214	391469	653060	565015	860407
623217	393139	998747	414745	659105
571897	486249	672351	999886	307992
318743	863061	945471	530572	591540
722423	971131	662633	227373	537882
752482	986630	259631	324989	121078
599621	495984	983077	674547	205219
462389	133670	186305	796931	109184
212766	600542	886736	570150	106695
754781	915995	215625	742628	990999
576054	370055	986491	610702	462824
865259	706389	857072	224515	756996
688043	949626	825227	716208	925441
582267	483261	535987	325174	114455
833072	458129	342630	518661	637900
977061	174594	167518	637129	650238
880120	264035	274033	617344	874284
308770	353977	556813	808642	948645
931861	715547	257080	838028	569409
631442	244050	515440	544311	224419
778252	471981	269868	926011	696226
157704	107953	838829	325150	553443
497204	262227	203760	306148	991897
643615	996428	187390	378267	200554
547958	849902	970298	458349	998064
854174	837144	372000	760285	809634
501725	678098	244345	367098	842289
282218	428806	207354	911505	938883
263727	404109	700743	691266	911497
702245	786269	814364	453946	739421
335159	771020	297537	856932	658654
113296	877552	517511	345435	223751
127730	663787	726781	741209	589972
128435	152277	719333	194643	634605
299661	906415	552034	531090	775142
413275	385284	694305	370775	860152
734798	620104	515912	544680	902034
204689	909559	241624	930401	166919
614554	650826	372365	484927	853092
831916	752318	550534	143268	284171
416130	239792	575840	308117	780580
678833	563064	333374	274838	410092
301393	535355	471348	863777	149885
906787	803551	853230	900510	827679
883477	444393	827247	821365	277914
368586	115275	517887	521622	602671
651726	245418	587892	533883	440678
109522	249346	975308	178318	604173
380115	831074	508542	544128	278881
691775	305327	844327	737578	839738
968403	719158	143981	532691	239314
616502	280493	842985	969174	496661
625017	495945	396893	117067	250637
998367	401742	811806	208547	189230
210115	393460	966720	269748	935584
336537	957393	771218	151655	107573
218262	822177	835679	243989	922549
670961	816722	737689	649682	371137
736923	912173	989377	518530	647868
236658	422013	810649	523361	216134
257796	246396	149387	266597	647896
736096	485292	665261	981937	122608
352389	727850	322993	713496	743486
742251	941502	883588	931204	210075
560742	468830	102178	336679	430959
679058	167696	274097	114150	675262
506955	674735	537266	968397	815267
355276	100706	228151	449312	647198
363775	803162	985922	189245	136192
750462	404591	898973	950553	577592
180289	968078	644711	589068	229686
780564	893819	717946	277020	835675
530889	279998	470245	180021	120526
195443	577122	816083	792292	525059
140060	541960	121711	310286	718450
824886	140051	839073	409433	766429
652552	299160	892132	856095	782373
821236	238637	934520	761292	292888
893523	152498	870940	962411	783804
730775	956279	550906	549793	275370
916081	190130	304394	730518	617629
775041	307749	608687	473673	228489
246431	934508	983767	161364	103023
619445	685616	457896	942699	329065
161932	192165	890645	980460	592492
567258	103516	212267	514893	775994
838781	104656	471981	832822	834954
941651	251946	844759	818622	332345
297541	993327	290606	643173	421664
428808	216273	402493	737866	344236
712973	137194	523170	677319	290749
840085	673747	248980	690864	702663
521672	744319	654913	260292	486691
886666	429967	880889	293581	411189
936296	777871	452417	598262	736784
719800	645182	386489	869260	724228
768306	710647	430510	638376	262296
322794	377033	939626	760369	977438
156375	954425	498370	966095	334343
763543	428116	109613	516533	494627
236782	159552	701025	193759	668480
788700	626167	280370	110899	983004
591169	361594	376109	856493	632262
965726	261122	450238	968426	300033
912875	159569	365997	839828	339990
994619	926777	165568	427202	497262
216073	309425	439555	472373	433801
210202	710802	465429	511734	201927
893469	686381	728978	146497	223558
372847	726233	227194	239104	360737
863794	915035	854293	980755	459467
787463	899029	426466	706870	730151
491043	522875	230429	218188	711526
914461	482792	396064	136280	532709
615381	158763	522189	544094	364805
466045	813857	802871	222939	497343
653549	649391	393125	781474	651258
382094	226156	196298	603567	652775
749725	539357	299276	725667	826327
858851	849054	637674	537858	873406
714004	851177	429913	184101	920733
373589	236119	743389	188005	593347
538932	814643	490813	933885	721707
396427	528288	914814	894706	908892
994800	363154	892523	575483	996562
187167	352463	744216	238970	126605
459824	240097	943812	450706	545951
671911	388162	283143	939352	532410
679932	262565	461668	784815	686455
718961	446866	548245	608460	313777
254437	577406	748716	921583	130717
600876	587174	665823	533618	788508
395184	914942	376361	110657	485447
707447	681465	355660	436303	697519
772083	419593	588393	319333	682410
472877	274595	636088	828874	527145
786892	833440	892934	989566	368004
561991	227483	855280	209442	513265
422849	536835	359486	188672	580405
491899	338477	859266	957437	940935
975074	531717	159662	910534	775776
761772	799439	354930	584250	359194
259662	209128	665817	948036	118098
193315	729084	648041	764591	461787
941929	250775	105370	864451	160365
969072	795811	915619	697249	666014
329537	890799	896396	346378	675396
924912	237897	158326	653679	313826
736010	628512	817034	820628	472949
279594	115527	893538	146784	442549
151540	701175	846352	243442	852086
156543	340344	160654	656070	661238
582974	692625	621465	318913	961344
210872	583897	242634	501059	221722
204640	818628	505850	434536	243372
445940	641514	677135	872750	171630
380064	661702	824540	329267	350248
513198	157083	830202	850060	688667
913881	478410	376713	108623	576451
162009	934152	860176	589066	668130
299400	846658	650288	166011	506365
600720	996247	349375	689475	713195
798984	147071	538040	923049	445054
218461	600233	419382	480383	146135
815985	392713	571232	997664	169372
405688	794152	202550	316161	944224
338874	439372	866483	727048	217746
216931	100909	807901	185650	357486
587927	315938	604331	864054	511802
134624	919119	573917	456880	594259
285929	433613	381637	325733	504857
626783	937802	686305	378846	201461
879701	696552	933601	984713	503605
559396	499298	815322	893388	562643
943664	671690	245378	560720	312723
194449	358334	433317	162249	204441
359316	874361	379776	523407	137345
578762	267702	571148	993974	676454
520759	880680	233131	542961	164607
552082	364421	521775	912949	847504
141539	171005	426642	439669	702725
326328	590485	991318	737288	351263
822612	633160	491889	959775	502188
529575	139553	229895	407933	586441
355303	848568	779076	431188	758359
910848	522259	383481	209078	322377
534771	900069	956239	378247	483351
585022	341053	736552	490752	317635
239649	240077	505083	116417	449608
480934	397096	354651	887915	623801
711991	640617	496304	710621	418825
102505	914259	541169	752104	571404
689901	485709	434036	760279	232816
402299	903115	617543	835621	729277
624069	409166	404238	730772	723000
753249	402544	612385	640660	749040
184107	289117	199455	937207	200941
671039	689280	275513	509602	558090
435409	474804	972409	857586	162540
505928	747145	618810	555257	844563
178485	309078	639345	382010	979903
714041	954458	980808	885008	623445
741669	825788	806790	355791	901548
223144	128018	904517	140266	315027
218453	415680	765606	716230	315248
501316	274566	574174	852913	348366
211948	397517	403168	226756	716797
849796	811148	948376	680571	118760
102549	139271	702904	727137	873880
220845	711069	966453	863170	811627
469923	754902	158666	492694	712643
721284	599561	175011	373999	489683
415026	854401	497337	753661	560635
630131	805790	443149	124459	629512
964143	824089	285865	767879	696299
484908	934587	528940	394455	828804
840271	694152	948314	243832	452963
594405	251611	128393	640258	978662
613504	104639	779214	577860	604866
988635	415467	496036	241904	231744
461059	101540	106010	729739	962038
168586	714661	687220	202127	723130
356774	736327	948691	938484	405429
896682	966551	978715	192775	923201
849324	579380	395023	639844	476099
754286	285914	512506	848421	614976
969062	282201	208358	583013	831327
358270	877703	362711	317331	686341
442616	186195	788803	852712	789750
450081	477407	747444	938166	238713
661018	831601	145362	861077	134545
854308	941830	491228	850519	283654
955197	911655	609232	605476	453388
390904	574625	643805	296599	600397
272310	929442	432971	787932	347480
310474	258576	432632	272008	679673
922892	296885	445708	510866	518249
685571	105799	330076	787352	441347
897662	953019	516664	627402	772697
896509	343895	901745	557527	930714
951443	242770	436992	507522	897722
332923	936795	559586	133993	212077
771375	752238	976461	197169	276025
662626	310065	860518	150649	755186
243827	531439	432014	610705	641690
651394	718332	234496	721954	242865
146001	951689	467326	896308	603218
199397	227298	946459	239232	731891
396192	404374	434171	270231	963950
123513	781402	319479	150938	610890
169273	783526	691060	471178	259780
910072	600350	207542	117851	815570
502938	787610	788102	137928	767718
645266	457610	971051	913362	478580
691446	145901	389101	401237	839800
511418	861534	933121	779117	880389
572021	652292	882201	301947	101576
950554	675487	273053	507023	904750
246580	654616	857351	642841	470004
764425	251710	379783	824316	276839
954721	867460	927351	200918	736598
822355	395273	218167	133380	342887
274408	755420	767513	429843	350369
307294	819771	507490	700004	756918
542345	137033	621156	581330	397691
784885	640704	978538	814726	172501
992698	181100	483740	526825	383924
661229	130623	757102	333122	916378
155305	703771	482894	741374	110720
754913	607427	130688	782768	449927
379498	863827	437355	451104	826498
462605	880896	276174	304563	832153
659461	680266	585104	696057	843295
245790	108617	822620	518391	631034
586047	371236	826556	687421	958070
879315	641718	743696	700769	623279
693959	733590	593905	953194	759627
830268	105784	830048	629695	762999
724305	477435	235439	645614	455710
523054	735442	364788	288304	192161
362458	242851	459386	558292	677277
848129	972677	969029	848495	569461
704817	884030	105332	200672	388185
193798	585061	517587	609547	883403
603939	180831	585398	103572	111691
881735	861717	983957	896110	557994
755382	902175	497640	713674	798699
267447	388933	952340	245276	610051
136079	740945	454830	909263	899371
548871	420087	708611	130786	536192
697943	600937	856821	777425	438738
138564	881214	285231	183832	338496
417940	499772	706478	760609	998925
172804	384417	570797	652152	648106
583589	967240	381077	546252	633913
306918	277811	621609	739965	333631
672541	327937	890161	446596	541495
591889	971511	147944	743715	622229
951665	264186	991616	553592	929236
644706	672997	309400	227202	375323
669128	441329	260063	496730	742112
587295	951449	302898	373021	310781
518453	146575	555710	935486	254981
252407	329179	796679	754464	735945
607570	305580	588798	647755	281768
826572	842936	977012	707783	884474
985915	522893	722839	247162	412165
274595	651689	602685	130093	577008
119107	852919	548037	319451	883422
288564	491141	878039	539725	778578
718304	223541	853135	466690	346166
837497	870063	669409	369594	736013
338764	513603	837854	816380	852654
473087	942919	496671	244375	699060
104288	949666	682916	201730	612232
594214	616094	569913	292773	930816
176215	318854	329306	365475	123549
929293	366024	378127	821306	604627
405449	476599	667235	688981	816010
301434	638152	684212	710607	962583
519311	632164	545964	930863	197700
597661	942382	624221	891408	984380
242452	823166	441268	131187	355131
363118	878242	130732	786778	817076
549591	173008	601847	713325	236143
587249	220150	555674	926144	432208
502140	387343	583224	827536	651794
636217	429837	834370	787685	644509
927730	977380	673940	134607	605728
467887	325570	633590	201884	641281
254349	586290	230073	291290	104601
189517	375860	760650	908881	327509
250039	989315	878674	821682	192822
827827	491819	404689	570009	325096
532609	317758	460346	702314	600264
946304	561470	430717	493373	762100
744183	352870	735573	568140	891317
792995	459619	500442	898709	705992
987762	803351	358041	738807	309042
880716	811476	656008	451550	437788
223500	276943	212151	729438	371310
449622	575701	370068	957140	734320
525435	352292	584513	218081	637348
277570	875296	658784	471487	312998
511953	934990	955194	545081	472940
990829	144993	804574	907058	841456
839694	838411	433256	772937	911037
428711	696883	660217	452837	304792
406801	538686	910229	860997	849819
608489	451670	559740	383191	776690
163838	370568	465753	184634	807733
195949	855926	552809	115107	457666
785750	376862	195483	462241	104386
939857	654835	240342	952634	676883
835263	727689	809141	483753	836844
851547	927411	862696	767010	105356
804149	405913	696356	879901	302824
797561	391590	162464	998166	268053
813130	327534	866540	858830	160551
895907	862656	982415	809470	379958
461179	302095	847976	891624	321337
459997	354560	131506	954829	592045
680551	116264	698114	944043	121648
673048	286309	541557	343494	590957
859088	775843	521129	200180	274948
169776	397966	708614	863292	970946
362557	720545	219438	490078	746905
691121	833487	549474	444109	464554
332028	884192	263390	970454	714832
695939	101494	297428	349779	903234
395861	322887	308095	660996	599006
893109	452818	422586	332654	586025
246153	209963	997301	874950	898646
131094	543901	230216	253306	137367
861895	671561	718272	449461	849699
642847	646359	341628	568039	650844
844567	234860	482494	844416	561369
747821	209062	318539	921046	375669
634256	219827	434227	225005	512587
110469	933678	445172	370837	448245
425887	377768	416191	844660	827272
859516	389008	978385	567813	883586
428002	496324	149040	312840	601272
162221	209577	294918	207669	232902
607921	210291	403500	379275	566090
924892	889099	421462	690615	251836
205251	699956	513995	410256	142335
427372	497406	105964	552102	830503
263587	547763	337746	983991	227097
981879	434095	206639	850016	507293
287766	850971	440241	426903	240327
142109	463781	311233	382595	305680
846005	430501	781231	993686	591403
160109	314151	100542	395282	656447
180155	779488	819365	718153	536720
210515	390990	855811	337393	818780
797363	257056	465945	808343	328930
294636	571830	347108	643545	941681
299577	913558	620418	925654	148519
376893	923150	143464	531054	836579
655339	203973	402856	181068	902644
209899	355998	653219	553501	280145
177073	511524	523440	308484	666789
117487	586995	988472	641270	567751
549286	324032	608779	436816	838159
428537	429902	269889	991691	255455
690242	967844	701024	806971	478765
522607	243124	825599	360306	784076
882093	889943	463172	264574	539611
636468	775626	887117	930893	423403
935888	186411	801227	773369	953050
406624	747888	628244	496263	756806
444872	963715	379983	209530	637773
346663	338142	678834	410112	797347
906409	183839	339413	461424	950589
805802	870212	835109	563468	876453
342004	508888	726250	542256	526296
318747	236730	949040	311272	173273
595701	318897	686109	485853	697831
606341	389897	324757	932229	825179
116070	298362	666778	895547	219783
281163	545708	718655	302869	750440
711213	388649	727517	886328	579790
144446	712406	795414	236023	156450
232834	295228	577676	282818	439685
415687	358356	170282	519448	573635
555876	716894	119030	412950	321778
694840	887605	416666	387372	468693
719992	757359	413657	351974	571311
296373	700925	212001	296258	566972
480719	910067	884204	647366	612809
204866	311677	774998	840312	630522
572722	834076	190722	979057	978083
782847	811639	288222	738464	906295
854609	384550	811584	247596	582925
509159	242555	644964	579988	582354
258830	553259	673717	499297	609427
135653	536130	939919	911045	428549
654866	825276	985976	790311	442813
659947	574327	859304	859540	595937
497213	198030	263797	854693	236134
933089	104702	449229	732906	252708
857978	697574	746736	378520	850917
348495	801507	940872	162878	543076
303735	435796	737172	199690	846848
812322	908592	754152	747349	909559
739366	349234	971116	375810	731332
757185	465713	129192	387692	290386
329242	903634	517565	386465	221135
228981	327455	669708	904153	317182
760379	618199	955910	273285	699846
721339	788877	160802	873147	518856
672229	943926	785711	196508	825451
316591	952781	593588	811785	281374
131798	144600	970430	196801	803927
583078	151866	607165	642013	998482
883761	161661	808971	355588	368929
616034	605698	131707	169444	207354
703786	155737	269692	760469	247951
900115	919777	938031	247941	592104
502405	707408	327663	619032	372395
861388	315665	677948	353782	481473
616163	602025	391203	382832	253369
673629	171543	593354	968526	798593
328335	779459	464588	104031	965724
628601	786924	976995	396652	912403
354044	113337	235795	806812	608639
539190	490300	907333	316684	841707
667821	176271	284418	692779	669631
539200	408399	349880	304679	667198
287590	626772	310864	836901	697649
720113	789808	605942	803825	506303
442264	811259	312082	497490	829757
634040	561216	392266	212723	416672
293286	552835	144042	938268	704861
846505	587213	468282	125108	228303
337326	703871	484568	485148	987770
647774	935046	900049	459651	292117
411667	159811	503632	982780	529703
253384	485252	698557	114132	697762
620635	924603	663277	253564	246365
417425	932848	807656	252286	204253
445894	485046	422002	851952	378387
713528	937052	331397	489603	328365
659957	869555	633189	984259	145089
524200	962512	725005	587942	208050
995240	530952	129241	719806	879203
314073	411873	156534	314185	889320
967829	284769	266498	203332	175066
438259	108422	167233	169358	822677
200250	849258	259714	700745	198771
367689	318504	275662	516816	533699
910095	154992	634404	727857	880192
831440	101158	231703	309172	488209
336087	175349	263550	255767	921135
905800	902544	662321	732808	562380
638226	354234	427147	398492	528295
697693	546378	137785	178253	222812
695076	350292	349469	457310	803983
939365	708229	671879	659728	906532
827943	560007	405876	200066	596669
273941	663098	380656	398341	971488
700274	310034	691267	989295	634384
930087	368207	596382	549425	979107
503441	221067	898299	134080	577579
231675	802393	415886	673716	132261
322409	464485	697336	337131	558413
711506	321821	772869	573270	959765
929336	556136	835378	482449	108353
294320	865771	191131	622261	512691
179791	704385	275688	682178	443665
976539	315539	111845	524099	988972
250953	836563	325442	599723	813489
954030	282252	560739	528121	953658
739433	333300	688389	824776	156224
399184	577685	722426	433950	315435
888006	358240	509617	608949	683437
859722	194477	250752	492348	427187
409093	804422	202929	956939	481540
205196	133305	128235	513142	144444
465464	602466	574078	836865	609793
994492	499109	838918	694376	312763
864638	883051	164185	906571	236695
755568	864301	629258	994372	363696
270372	810205	190081	761972	789068
964614	712499	131436	682010	463632
908462	705857	704861	216647	868206
376999	368986	807142	493881	670327
741337	683467	101920	410726	306387
575100	859062	940292	305682	144983
617213	148187	430179	392191	240791
617204	718483	556860	931836	607502
962412	508853	295333	321189	580506
451722	283807	595143	383694	172762
271797	122256	290347	723434	478427
599803	151793	305563	517584	264381
992136	287441	860897	930621	611716
577107	999075	370741	644348	718285
128731	968468	832742	960716	208530
662934	142230	131647	480020	605892
885002	661637	572137	172594	810836
388063	649284	497690	843145	175482
688330	213366	760192	387901	425653
554754	142941	361922	818902	544934
501994	519984	934378	630660	151209
235804	106645	743342	426552	367105
179583	200386	314401	873618	220938
248631	918372	423359	350137	466429
675510	850150	553056	564208	384845
581812	763410	126572	959150	696190
674974	722882	496586	463402	812000
224267	416792	120467	158727	999677
454800	603297	717975	637148	230986
539206	905918	918387	883645	460439
537253	851442	499288	421949	462923
202704	570272	124886	921779	942114
587886	875444	375086	762522	324742
495005	154743	636387	966091	174872
574136	671477	230850	455827	578952
672899	411855	461778	610539	139673
721748	932126	794730	785248	389857
807621	948855	489522	699791	794549
614387	780579	902801	463776	869790
545329	851217	607972	513398	753458
225260	656829	177277	342051	235599
160238	848268	458245	478208	145645
306541	534418	662857	276916	783407
948621	409965	527731	289897	696650
476253	358518	453464	962700	305051
499475	165674	621799	779593	497939
407324	135093	938864	670432	218498
122791	917429	715370	536030	247919
477570	568121	418999	726308	179357
807276	818706	143230	770580	389501
839342	574982	991407	206363	319987
772079	940210	750708	599432	722354
463458	145211	428228	479434	596585
896455	538162	485004	254646	344675
186753	199963	431628	720796	988656
631763	257709	350196	598536	502815
829707	400209	717312	333505	449874
458175	201780	299498	226983	760608
816200	404658	487504	490113	688912
715954	629916	445737	547818	503260
703377	432335	280142	568923	414410
256051	451808	639775	196958	519044
762095	685057	959251	150832	838119
604094	636090	492426	576560	338061
517063	853664	404622	349036	637252
235297	748180	453890	610214	405835
476623	941099	424103	851278	398815
289881	157016	787404	998821	851756
765987	562501	584572	720936	200440
267198	737009	469879	729547	875026
402731	590925	990768	397769	382948
716410	428685	440514	643454	152863
326538	597509	109718	603597	917412
345975	687296	839448	354528	695516
976739	646302	791516	364174	441106
347051	280374	881484	638473	168364
934759	305012	367557	612243	771369
909453	783910	262108	796262	436088
927551	650474	114194	767778	601365
893843	360721	553760	116718	556378
489287	866888	798780	926930	612276
470750	487753	276739	962415	844547
418043	945777	113892	429825	590189
898803	146041	604034	908811	787737
396911	735954	558242	763300	404637
430219	878607	944469	969264	131040
160369	404231	554353	301711	408112
212789	112835	506790	102981	862822
622405	282008	611544	761900	383061
100998	180445	489064	372653	728867
734652	445893	550721	290666	455136
112965	483915	112042	624035	681301
458186	131479	735969	370903	547027
527879	164915	802153	300802	675617
115892	943971	307370	732001	259678
783881	238646	175874	456030	764220
421915	860404	856853	176156	445312
763704	212295	621988	896700	887682
298254	522574	337656	235155	628467
836885	230295	651556	892831	917240
936498	892120	606928	580842	155559
656077	202256	108164	597225	615841
676820	847869	267675	870243	925221
829329	619971	949417	951154	170395
956154	696825	508613	709401	997553
685738	715551	640103	974826	378808
873619	926161	245961	936371	555188
893774	636304	171153	647855	316381
460324	150285	952222	228002	245194
860831	945862	897658	875735	880095
761841	463322	635951	474307	646020
809206	695940	677337	253757	783097
196858	132111	982101	401158	964527
754950	443382	213842	265295	332227
505992	943759	521660	154676	481626
907656	780561	753653	259201	832238
870082	367801	928910	709188	627717
266138	239106	881133	185424	381854
993644	610256	188089	656986	756498
452707	190147	127487	109232	550110
711751	551138	569374	510836	779176
234297	752532	401613	165846	842365
732787	128810	862864	462389	144336
108380	867433	293045	854580	946770
159182	753190	138118	909648	248189
101385	179129	314761	904600	632183
270248	815585	147148	614454	297474
172987	220030	135901	864624	799363
886191	913442	264758	240754	410653
759183	862019	616120	987322	835173
716505	932372	518091	728843	682949
783966	537880	518840	547026	160664
233370	217354	997045	646772	775577
959895	195300	680194	369177	166910
585497	413008	646249	153863	704625
834870	532489	212812	646755	173147
771804	979046	481690	524907	838104
538498	576521	598549	530821	164462
101357	889239	712294	438038	721118
578293	259059	777946	137929	190315
373561	506838	247998	625969	419030
225189	495740	527615	220939	910703
426877	811766	665793	610131	145125
965004	444291	368793	457263	609348
419395	725185	740929	197454	882551
361768	325520	662810	649088	421374
546847	296254	389348	306316	411030
345880	726995	527768	567215	334007
830292	297318	469010	795246	121882
511612	892492	206637	659725	279808
866171	403424	110484	880816	618287
376422	198735	239348	531526	748004
626678	607155	902348	273541	559946
864597	913394	898983	940126	609037
537599	564830	256470	616384	509172
966434	818492	237453	476834	773117
804266	322249	693754	813173	190045
323776	142751	982968	655382	374857
145565	571793	682348	756896	333200
330662	737883	568794	697735	132114
329307	367147	349461	820338	676577
370161	343491	535776	687308	512938
322922	847285	455970	823612	409346
214096	689733	763596	964607	427842
742367	289279	153443	771712	149930
479337	854790	770315	588011	842557
799552	995514	886252	387591	485484
940156	479023	301149	762313	881682
718854	572701	284852	846494	935387
893766	125884	663480	772955	458475
663044	138387	276313	665426	641859
431259	913804	300136	805506	485040
837878	436313	121362	135515	750630
848181	336685	812076	712970	844151
900179	759650	336108	850069	454196
355189	963496	257609	608927	889030
825286	708531	390357	705806	352010
210953	637018	614768	977747	551723
924909	412928	876901	623722	934393
677805	743642	915915	111088	171860
769083	550355	492337	594230	751142
275531	241574	515967	436851	147215
697481	316626	382028	574886	904889
514420	218306	833007	666875	650792
499137	716146	625605	241723	810840